0, 33
1, 34
2, 35
3, 36
4, 37
5, 38
6, 39
7, 40
8, 41
9, 42
10, 43
11, 44
12, 45
13, 46
14, 47
15, 48
16, 49
17, 50
18, 51
19, 52
20, 53
21, 54
22, 55
23, 56
24, 57
25, 58
26, 59
27, 60
28, 61
29, 62
30, 63
31, 64
32, 65
66, 99
67, 100
68, 101
69, 102
70, 103
71, 104
72, 105
73, 106
74, 107
75, 108
76, 109
77, 110
78, 111
79, 112
80, 113
81, 114
82, 115
83, 116
84, 117
85, 118
86, 119
87, 120
88, 121
89, 122
90, 123
91, 124
92, 125
93, 126
94, 127
95, 128
96, 129
97, 130
98, 131
132, 165
133, 166
134, 167
135, 168
136, 169
137, 170
138, 171
139, 172
140, 173
141, 174
142, 175
143, 176
144, 177
145, 178
146, 179
147, 180
148, 181
149, 182
150, 183
151, 184
152, 185
153, 186
154, 187
155, 188
156, 189
157, 190
158, 191
159, 192
160, 193
161, 194
162, 195
163, 196
164, 197
198, 231
199, 232
200, 233
201, 234
202, 235
203, 236
204, 237
205, 238
206, 239
207, 240
208, 241
209, 242
210, 243
211, 244
212, 245
213, 246
214, 247
215, 248
216, 249
217, 250
218, 251
219, 252
220, 253
221, 254
222, 255
223, 256
224, 257
225, 258
226, 259
227, 260
228, 261
229, 262
230, 263
264, 297
265, 298
266, 299
267, 300
268, 301
269, 302
270, 303
271, 304
272, 305
273, 306
274, 307
275, 308
276, 309
277, 310
278, 311
279, 312
280, 313
281, 314
282, 315
283, 316
284, 317
285, 318
286, 319
287, 320
288, 321
289, 322
290, 323
291, 324
292, 325
293, 326
294, 327
295, 328
296, 329
330, 363
331, 364
332, 365
333, 366
334, 367
335, 368
336, 369
337, 370
338, 371
339, 372
340, 373
341, 374
342, 375
343, 376
344, 377
345, 378
346, 379
347, 380
348, 381
349, 382
350, 383
351, 384
352, 385
353, 386
354, 387
355, 388
356, 389
357, 390
358, 391
359, 392
360, 393
361, 394
362, 395
396, 429
397, 430
398, 431
399, 432
400, 433
401, 434
402, 435
403, 436
404, 437
405, 438
406, 439
407, 440
408, 441
409, 442
410, 443
411, 444
412, 445
413, 446
414, 447
415, 448
416, 449
417, 450
418, 451
419, 452
420, 453
421, 454
422, 455
423, 456
424, 457
425, 458
426, 459
427, 460
428, 461
462, 495
463, 496
464, 497
465, 498
466, 499
467, 500
468, 501
469, 502
470, 503
471, 504
472, 505
473, 506
474, 507
475, 508
476, 509
477, 510
478, 511
479, 512
480, 513
481, 514
482, 515
483, 516
484, 517
485, 518
486, 519
487, 520
488, 521
489, 522
490, 523
491, 524
492, 525
493, 526
494, 527
528, 561
529, 562
530, 563
531, 564
532, 565
533, 566
534, 567
535, 568
536, 569
537, 570
538, 571
539, 572
540, 573
541, 574
542, 575
543, 576
544, 577
545, 578
546, 579
547, 580
548, 581
549, 582
550, 583
551, 584
552, 585
553, 586
554, 587
555, 588
556, 589
557, 590
558, 591
559, 592
560, 593
594, 627
595, 628
596, 629
597, 630
598, 631
599, 632
600, 633
601, 634
602, 635
603, 636
604, 637
605, 638
606, 639
607, 640
608, 641
609, 642
610, 643
611, 644
612, 645
613, 646
614, 647
615, 648
616, 649
617, 650
618, 651
619, 652
620, 653
621, 654
622, 655
623, 656
624, 657
625, 658
626, 659
660, 693
661, 694
662, 695
663, 696
664, 697
665, 698
666, 699
667, 700
668, 701
669, 702
670, 703
671, 704
672, 705
673, 706
674, 707
675, 708
676, 709
677, 710
678, 711
679, 712
680, 713
681, 714
682, 715
683, 716
684, 717
685, 718
686, 719
687, 720
688, 721
689, 722
690, 723
691, 724
692, 725
726, 759
727, 760
728, 761
729, 762
730, 763
731, 764
732, 765
733, 766
734, 767
735, 768
736, 769
737, 770
738, 771
739, 772
740, 773
741, 774
742, 775
743, 776
744, 777
745, 778
746, 779
747, 780
748, 781
749, 782
750, 783
751, 784
752, 785
753, 786
754, 787
755, 788
756, 789
757, 790
758, 791
792, 825
793, 826
794, 827
795, 828
796, 829
797, 830
798, 831
799, 832
800, 833
801, 834
802, 835
803, 836
804, 837
805, 838
806, 839
807, 840
808, 841
809, 842
810, 843
811, 844
812, 845
813, 846
814, 847
815, 848
816, 849
817, 850
818, 851
819, 852
820, 853
821, 854
822, 855
823, 856
824, 857
858, 891
859, 892
860, 893
861, 894
862, 895
863, 896
864, 897
865, 898
866, 899
867, 900
868, 901
869, 902
870, 903
871, 904
872, 905
873, 906
874, 907
875, 908
876, 909
877, 910
878, 911
879, 912
880, 913
881, 914
882, 915
883, 916
884, 917
885, 918
886, 919
887, 920
888, 921
889, 922
890, 923
924, 957
925, 958
926, 959
927, 960
928, 961
929, 962
930, 963
931, 964
932, 965
933, 966
934, 967
935, 968
936, 969
937, 970
938, 971
939, 972
940, 973
941, 974
942, 975
943, 976
944, 977
945, 978
946, 979
947, 980
948, 981
949, 982
950, 983
951, 984
952, 985
953, 986
954, 987
955, 988
956, 989
990, 1023
991, 1024
992, 1025
993, 1026
994, 1027
995, 1028
996, 1029
997, 1030
998, 1031
999, 1032
1000, 1033
1001, 1034
1002, 1035
1003, 1036
1004, 1037
1005, 1038
1006, 1039
1007, 1040
1008, 1041
1009, 1042
1010, 1043
1011, 1044
1012, 1045
1013, 1046
1014, 1047
1015, 1048
1016, 1049
1017, 1050
1018, 1051
1019, 1052
1020, 1053
1021, 1054
1022, 1055